61 1.68 75 26.5731 70 120 80 5 6.7 1.43 1.13 4.57 4 4.9 168.24 1413.268 0.119 5.2 238.641 37 2.86 4.7 102.36 2.81 2.98 34.34 0.92 66 67.53 1.03 1.96
76 1.65 80 29.3848 70 90 60 5.8 3.1 0.73 0.89 2.16 2.4 2.5 189.18 1882.896 0.1005 2.5 206.107 0 3 4.8 111 2.9 3.6 53 0.9 65 70 1 2.7
64 1.72 75 25.3515 76 120 80 5.8 5.1 1.72 1.04 3.26 3.1 3.9 213.18 961.65 0.2217 11.9 313.638 45 3.1 4.6 125.5 2.9 3.3 45.7 0.9 63 84 1.1 2.8
66 1.76 91 29.3776 72 150 90 5.3 8.1 2.23 1.07 6.1 5.7 6.6 186.67 1602.878 0.1165 4.6 225.151 40 3.4 4.5 130.5 2.8 3.3 44.5 1 60 55 1.1 2.9
77 1.7 74 25.6055 85 120 80 5.1 3.9 1.17 0.71 2.9 4.1 4.5 218.25 1498.877 0.1456 16.9 153.856 100 3.2 6.1 181 3.6 4.4 88 1.3 51 93 1.1 2.9
64 1.7 75 25.9516 70 120 80 6.8 6.1 2.51 0.94 4.23 4.5 5.5 179.47 775.549 0.2314 12.6 207.786 77 2.77 5.11 124.37 2.82 4.06 72.52 1.19 42 51.85 1.15 2.58
68 1.75 80 26.1224 81 140 100 5 4.5 0.84 0.94 2.94 3.1 3.9 265.98 1566.951 0.1697 28.7 235.978 55 3.5 5.3 126.7 2.9 3.2 43.2 1.1 65 55 1.2 2.8
63 1.6 100 39.0625 81 120 80 6.7 4.4 2.56 0.65 3.3 5.1 5.8 210.52 860.436 0.2447 10.1 239.336 36 3.2 5.82 167.88 4.15 4.34 84.9 1.25 50 82.98 1.25 2.7
54 1.76 72 23.2438 67 120 80 5.9 4.7 1.64 0.85 3.51 4.1 4.5 319.26 962.732 0.3316 10.4 289.753 0 3.1 4.9 128.5 2.8 3.7 65.5 0.9 68 85.6 1 2.6
64 1.6 70 27.3438 86 220 120 5.7 4.8 1.53 0.89 3.33 3.7 4.4 203.1 1027.907 0.1976 39.2 200.216 70 3.29 4.15 76.38 3.01 2.96 33.87 1.62 56 42.51 1.48 3.05
63 1.74 76 25.1024 80 130 80 4.1 4.8 1.46 0.95 3.89 4.1 4.1 218.01 855.316 0.2549 5 29.7356 0 3.2 4.4 129.3 2.9 3.8 55.6 0.9 58 80.1 1.1 2.7
52 1.8 92 28.3951 77 120 70 4.8 6.6 4.54 0.86 4.43 5.2 6.7 99.54 1082.156 0.092 15.8 120.957 47 2.8 5.4 136 2.9 3.6 54 1 60 82 0.9 2.7
84 1.55 67 27.8876 83 130 70 6.1 6.5 2.84 1.08 4.13 3.8 5 123.19 2415.182 0.051 6.6 234.895 35 3.3 4.2 127.6 3.1 3.9 53.6 1.1 65 76 1.1 2.6
67 1.79 114 35.5794 69 140 100 9.2 5.4 2.26 0.87 3.99 4.6 5.2 192.87 916.854 0.2104 6.2 215.668 100 3.39 6.49 215.24 4.3 5.35 138.31 1.29 36 79.57 1.45 3.15
59 1.75 80 26.1224 52 135 90 4 5.1 1 0.97 3.4 3.5 4.3 172.54 1074.592 0.1606 16.3 281.183 55 3.34 5.35 138.31 2.67 3.63 55.53 1.1 60 82.78 1.1 2.8
70 1.67 80 28.6851 92 150 90 8.9 7.2 2.53 0.92 5.14 5.6 6.9 200.37 912.119 0.2197 27.3 192.365 47 3 4.5 123 3.5 3.6 67.5 1.1 65 77.5 1.2 2.9
66 1.7 86 29.7578 68 120 70 5.54 5.7 1.64 0.98 4.09 4.2 4.8 141.49 961.039 0.1472 17.2 129.321 40 4.01 5.16 127.21 3.87 3.58 51.71 1.1 57 70.66 1.28 3.63
72 1.64 90 33.4622 59 110 70 5.2 3.9 1.31 0.81 2.64 3.3 3.8 177.34 1227.219 0.1445 8.8 435.855 47 3.2 4.2 140 3.7 3.8 68 1 60 58 1.1 2.6
68 1.75 80 26.1224 73 125 80 4.5 5.6 3.3 0.92 3.75 4.1 5.1 234.61 1139.167 0.2059 4.4 472.253 26 3.91 5.58 152.4 3.48 3.91 66.31 1.48 57 86.09 1.15 2.96
46 1.65 58 21.3039 61 125 90 4.7 7.7 2.51 1.03 5.6 5.4 6.4 198.9 1289.068 0.1543 33.5 117.342 40 2.9 5.1 119.5 3.1 3.3 44 1.2 63 75 1.1 2.7
57 1.75 90 29.3878 64 170 100 7.7 4.8 1.48 0.95 3.57 3.8 4 274.96 1256.727 0.2188 7.5 126.578 50 3.1 4.6 131.8 3.9 3.3 70.5 0.9 70 72 1.2 2.8
86 1.5 66.5 29.5556 62 120 70 6.6 6.1 2.98 0.94 4.32 4.6 5.4 219.89 1009.143 0.2179 13.4 121.365 55 3 4.8 132.7 3.2 3.2 72.5 0.8 75 74 1.04 2.8
78 1.66 70 25.4028 82 120 80 4.5 5.1 1.38 0.89 3.85 4.3 4.7 211.64 837.799 0.2526 9.3 254.872 45 3.2 5.5 142 3.1 3.8 62 1.2 56 80 1.1 2.6
66 1.72 75 25.3515 86 120 80 5 4.8 3.39 0.82 3.51 4.3 4.8 139.67 1077.836 0.1296 25.9 101.253 50 3.15 5.82 167.88 2.95 4.06 72.52 1 57 95.36 1.1 2.9
81 1.61 76 29.3199 65 120 80 3.7 4.7 1.46 0.86 3.6 4.2 4.5 195.56 1235.559 0.1583 16.4 276.875 40 3.2 4.4 134.8 3.3 3.4 68.7 1.1 65 59 1.2 2.8
64 1.86 85 24.5693 64 110 70 4.5 6.5 1.77 1.12 5.02 4.5 4.8 238.66 941.422 0.2535 36 473.587 17 3.1 4.53 93.9 3.68 3.2 40.96 1.24 56 52.94 1.24 2.72
88 1.69 109 38.1639 66 120 80 7.4 5.4 2.1 0.9 4.36 4.9 5 188.77 1567.005 0.1205 13.8 60.8164 60 3.3 4.9 128.6 2.8 3.3 71.5 1 68 82.1 1.1 2.9
57 1.56 62 25.4767 61 120 80 5.02 6.6 2.25 0.98 4.52 4.6 5.7 114.03 1000.26 0.114 17.4 265.438 43 2.71 4.51 92.93 3.52 2.66 26.04 0.99 71 66.89 0.9 2.6
58 1.74 60 19.8177 70 130 80 5.3 4.6 1.87 0.92 3.91 4.2 4 271.43 1151.005 0.2358 16 254.786 45 5.2 6.4 208.52 3.05 4.39 87.25 0.95 58 124.3 1.24 2.6
75 1.6 85 33.2031 67 140 80 6.1 4.9 1.36 0.92 2.67 2.9 4.4 132.59 1110.506 0.1194 9.7 225.754 37 2.96 5.44 143.74 3.63 4.25 80.81 1.62 44 62.93 1.81 3.01
77 1.62 64 24.3865 79 160 100 5 4.8 1.34 0.9 3.29 3.7 4.3 164.53 978.255 0.1682 17.3 218.645 30 3 4.3 133.4 2.9 3.5 54.5 1 65 76 1.1 2.7
59 1.67 86 30.8365 128 120 70 4 5.7 1.78 1 3.8 3.8 4.7 210.73 1149.426 0.1833 17.7 189.453 70 3.25 5.2 129.51 3.91 4.25 80.81 1.1 38 48.7 1 2.6
67 1.7 85 29.4118 64 120 80 5.9 4.6 1.51 0.78 3.32 4.2 4.9 223.48 1019.125 0.2193 10 382.529 0 3.95 4.77 105.96 3.67 3.39 47.1 1.07 56 58.68 1.19 3.49
67 1.66 70 25.4028 85 120 70 5 4 1.21 0.91 2.6 2.9 3.4 214.6 1330.515 0.1613 5.5 265.271 36 3.4 5.6 148 3.2 4 70 1.2 53 78 1.3 2.8
57 1.68 73 25.8645 76 160 80 12.9 4.6 0.8 1.15 3.04 2.7 3 106.09 834.748 0.1271 2.4 248.435 35 3.04 5.21 130.08 3.04 3.38 46.76 0.8 64 83.37 1.03 2.94
60 1.55 65 27.0552 70 130 80 5.1 4.9 1.65 0.85 4.03 4.7 4.8 168.71 821.642 0.2053 5 354.763 15 2.92 4.21 79.02 2.98 3.14 39.12 1.16 51 39.5 1.16 2.86
65 1.66 80 29.0318 61 140 90 6 4.9 1.42 0.95 3.18 3.4 4.2 130.87 1062.333 0.1232 10.6 124.854 50 3.2 4.2 131.2 2.7 3.6 56.9 1 70 65.8 1 2.6
65 1.64 60 22.3081 77 100 65 4.1 4.3 1.2 0.84 3.28 3.9 4.1 351.36 1219.494 0.2881 3.5 198.655 47 3.1 4.5 135.6 2.6 3.9 46.8 1 60 56.5 1 2.8
83 1.6 80 31.25 64 130 70 4.3 5.3 1.2 0.96 3.02 3.1 4.5 149.72 1214.567 0.1233 7.6 121.432 50 3.1 5.5 142 3.5 3.7 58 1.1 59 84 1.2 2.7
81 1.77 82 26.1738 86 150 75 5.7 5.1 1.21 0.91 3.69 4.1 4.6 264.79 1405.792 0.1884 4.1 152.687 100 3 4.6 141 3 3.8 55.3 1 60 55.4 1 2.9
66 1.52 60 25.9695 88 150 90 4.4 4.7 0.54 1.34 2.38 1.8 2.5 207.16 874.258 0.237 20.4 482.453 0 2.92 4.53 93.9 3.15 3.04 36.15 1.15 62 57.76 1.09 3.26
88 1.7 75 25.9516 62 140 70 6.5 5.3 1.38 1.03 3.86 3.7 4.1 200.7 1619.117 0.124 4.2 161.992 45 2.96 5.25 132.41 4.63 3.34 45.44 1.24 36 86.97 1.24 2.5
79 1.62 64 24.3865 65 120 80 4.6 5.1 1.63 0.99 3.28 3.3 4.1 211.48 1002.539 0.2109 11.2 287.971 40 3.25 4.73 103.89 4.06 3.53 51.92 1.13 50 51.97 1.19 2.24
55 1.82 84.5 25.5102 74 140 80 6.2 3.8 1.14 0.86 3.2 3.7 3.4 177.64 1516.297 0.1172 23.8 102.465 50 3.35 5.41 141.92 3.35 3.95 67.64 1.16 52 73.98 1.16 3.82
73 1.76 102 32.9287 88 130 80 6.3 4 2.57 0.84 3.33 4 3.8 358.7 1482.715 0.2419 23.1 147.898 80 4.15 4.7 102.3 3.34 3.32 44.78 1.4 56 57.58 1.26 3.58
58 1.68 80 28.3447 62 160 100 7.5 3.7 4.2 0.61 3.02 5 5.1 831.9 2128.25 0.3909 18.1 74.13 84 3 4.8 110 2.9 3.1 38 1.2 65 72 1.2 2.8
67 1.69 79 27.6601 75 150 90 6 4.7 0.67 1.17 3.19 2.7 3 277.5 1669.539 0.1662 17.2 270.59 60 3 5.1 128 2.9 3.3 44 1.1 65 83 1.3 2.6
67 1.55 66 27.4714 68 160 100 5.5 3.8 1.15 0.9 2.62 2.9 3.2 344.4 2068.617 0.1665 16 175.8 28 3.2 4 70 3.2 2.7 27 1.4 61 42 1.2 2.6
62 1.7 92 31.8339 69 140 80 6 4.9 1.91 0.97 3.98 4.1 4.1 267.3 2864.439 0.0933 15 211.15 62 3.3 4.5 93 3 2.9 33 1.2 63 59 1.2 2.4
66 1.67 59 21.1553 84 150 80 6 3.9 1.52 1.04 2.53 2.4 2.8 329.7 3480.181 0.0947 12.4 204.27 88 3.1 3.1 38 2.8 2 13 1.4 65 25 1.4 2.7
69 1.6 57 22.2656 74 120 80 5.9 5.1 0.82 1.56 3.16 2 2.3 172 1483.659 0.1159 12.8 168.99 68 3.6 5.2 134 3.5 3.4 50 1.3 62 64 1.2 2.8
56 1.75 80 26.1224 68 120 80 6 5.3 3.78 1.04 4.07 3.9 4.1 246.7 2328.972 0.1059 12.8 228.84 70 2.8 4.9 114 3.2 3.1 40 1.1 64 73 1.1 2.8
54 1.82 102 30.7934 74 130 90 5.7 5 6.92 0.86 3.82 4.4 4.8 1117.4 2562.107 0.4361 24.9 80.98 100 3 4.7 104 3.3 3.1 40 1.3 62 64 1.2 2.8
67 1.78 72 22.7244 84 130 80 6.1 5.5 1.93 1.22 4.11 3.4 3.5 414.8 2525.862 0.1642 17.2 175.13 77 3.4 4.9 114 3.3 3 36 1.4 68 78 1.3 2.7
54 1.76 70 22.5981 88 130 90 6.1 5.4 5.24 1.24 3.92 3.2 3.4 616.2 2860.367 0.2154 17.8 413.89 68 3.2 4.5 98 3 2.9 32 1.2 66 63 1 2.7
59 1.72 85 28.7317 77 160 90 4 3.5 1.54 0.9 2.37 2.6 2.9 395.9 1832.433 0.2161 21.3 237.77 84 3 4.2 80 3.7 2.4 21 2.6 73 59 1.3 2.9
64 1.66 64 23.2254 100 120 80 7 3.2 1.74 0.59 2.74 4.6 4.4 28.1 2497.443 0.0113 15.8 252.65 100 3 4.5 98 3 2.9 32 1.3 66 63 1.2 2.7
60 1.77 82 26.1738 88 130 90 4 4.1 1.42 1 2.97 3 3.1 333.5 2748.133 0.1214 15.6 278.225 72 3.1 4.8 111 3.2 3.1 38 1.4 65 72 1.3 2.9
61 1.7 80 27.6817 72 120 80 5.7 4.5 1.55 1 3.37 3.4 3.5 446.7 1203.65 0.3711 20.5 196.704 64 3 4.8 120 2.9 3.2 42 1.1 65 83 1.3 2.6
72 1.73 91 30.4053 77 130 80 6.1 3.8 1.56 1.35 1.29 1 1.8 475.4 2937.729 0.1618 14.9 51.561 63 3.8 4.5 98 3 2.9 32 1.3 66 63 1.3 2.7
61 1.53 80 34.1749 80 120 80 7.2 6.9 1.78 1.63 3.86 2.4 3.2 496.7 3088.176 0.1608 10.2 138.965 89 2.9 4.3 85 3.5 2.6 26 1.5 68 58 1.43 2.7
68 1.77 109 34.792 74 120 80 6.6 3.6 1.41 1.08 2.4 2.2 2.3 771.8 3677.224 0.2099 12.5 325.045 70 3 4.5 94 3.5 3 37 1.3 60 56 1.3 2.9
76 1.71 94 32.1466 60 130 80 5.8 4.5 1.76 0.89 3.46 3.9 4.1 1241.2 2648.262 0.4687 11.3 164.457 98 3 4.5 93 3.2 2.9 32 1.2 65 25 1.4 2.7
62 1.76 66 21.3068 60 130 80 5.5 3.9 1.25 0.94 2.63 2.8 3.1 637.3 2736.378 0.2329 14.6 128.805 75 3.5 4.8 111 3 3.1 38 1.5 65 72 1.3 2.7
60 1.66 72 26.1286 75 130 80 7.8 4.4 4.96 0.98 3.23 3.3 3.4 368.5 2385.674 0.1545 18.1 254.929 76 3 4.8 111 3.2 3 47 1.2 61 64 1.2 2.6
57 1.71 65 22.2291 75 140 80 5.4 5.5 0.84 1.28 4.14 3.2 3.3 964.2 1861.784 0.5179 16.3 246.836 64 3 4 72 3.1 2.4 21 1.2 68 51 1.3 2.6
47 1.57 68 27.5873 74 120 80 5.4 7.2 2.12 1.5 5.58 3.7 3.8 360 2909.503 0.1237 18 172.763 73 2.6 4.6 99 2.9 2.7 28 0.9 70 71 1 2.7
66 1.75 85 27.7551 64 130 80 7.3 3.9 2.56 0.78 2.43 3.1 4 408.5 1890.934 0.216 11.9 221.436 72 3.7 4.7 98 3 3.1 32 1.4 60 63 1.2 2.7
71 1.75 87 28.4082 71 130 80 4 3.6 1.13 0.95 2.57 2.7 2.8 448.5 1617.044 0.2774 13.9 177.763 86 3.3 4.4 89 2.8 2.9 32 1.2 63 56 1.2 2.8
65 1.75 66 21.551 88 140 80 6.6 4.5 1.4 1.03 3.42 3.3 3.4 832.1 1484.248 0.5606 19.9 204.848 90 3.5 4.7 107 2.9 3 37 1.3 63 70 1.3 2.8
60 1.76 78 25.1808 74 120 80 14.9 4.4 2.45 0.82 3.46 4.2 4.4 430.8 1822.805 0.2363 15.4 205.996 74 3.3 5.2 130 3 4 72 0.9 45 58 1.3 2.8
63 1.67 74 26.5338 94 120 80 9 4.3 1.45 0.81 3.25 4 4.3 1044.7 2635.544 0.3964 14.2 472.057 62 3 4.5 98 3.3 2.9 32 1.6 66 63 1.5 2.8
67 1.59 91 35.9954 84 130 90 14 4.4 3.58 1.05 3.39 3.2 3.2 790.9 3537.018 0.2236 17.6 214.568 95 3.4 4.2 81 3 2.7 29 2 64 52 1.5 2.7
